191.0783	1.659691
192.6621	1.655846
194.2459	1.652128
195.8299	1.648533
197.414	1.645055
198.9982	1.641688
200.5826	1.638429
202.1671	1.635273
203.7516	1.632216
205.3363	1.629254
206.9212	1.626382
208.5061	1.623598
210.0912	1.620898
211.6763	1.618278
213.2616	1.615736
214.847	1.613268
216.4325	1.610872
218.0181	1.608545
219.6038	1.606285
221.1897	1.604088
222.7756	1.601953
224.3617	1.599878
225.9478	1.597859
227.5341	1.595896
229.1205	1.593986
230.707	1.592127
232.2935	1.590317
233.8802	1.588556
235.467	1.58684
237.0539	1.585169
238.6409	1.583542
240.2281	1.581955
241.8152	1.580409
243.4025	1.578902
244.9899	1.577432
246.5774	1.575999
248.165	1.574601
249.7527	1.573237
251.3405	1.571905
252.9284	1.570606
254.5164	1.569338
256.1044	1.568099
257.6926	1.56689
259.2809	1.565709
260.8692	1.564555
262.4576	1.563427
264.0462	1.562325
265.6348	1.561248
267.2235	1.560195
268.8123	1.559165
270.4012	1.558158
271.9901	1.557173
273.5792	1.55621
275.1683	1.555267
276.7575	1.554345
278.3468	1.553442
279.9362	1.552558
281.5257	1.551693
283.1152	1.550846
284.7048	1.550016
286.2945	1.549204
287.8843	1.548408
289.4742	1.547628
291.0641	1.546864
292.6541	1.546115
294.2442	1.545382
295.8344	1.544662
297.4246	1.543957
299.015	1.543265
300.6053	1.542587
302.1958	1.541922
303.7863	1.54127
305.3769	1.54063
306.9676	1.540002
308.5583	1.539386
310.1491	1.538781
311.74	1.538188
313.3309	1.537605
314.9219	1.537033
316.513	1.536472
318.1041	1.535921
319.6953	1.535379
321.2866	1.534847
322.8779	1.534325
324.4693	1.533812
326.0607	1.533308
327.6522	1.532813
329.2438	1.532326
330.8354	1.531848
332.4271	1.531377
334.0188	1.530915
335.6106	1.530461
337.2025	1.530014
338.7943	1.529575
340.3863	1.529143
341.9783	1.528718
343.5704	1.528301
345.1625	1.52789
346.7546	1.527485
348.3468	1.527088
349.9391	1.526696
351.5314	1.526311
353.1237	1.525932
354.7162	1.525559
356.3086	1.525192
357.9011	1.524831
359.4937	1.524475
361.0862	1.524125
362.6789	1.52378
364.2715	1.523441
365.8642	1.523106
367.457	1.522777
369.0498	1.522453
370.6426	1.522134
372.2355	1.521819
373.8284	1.521509
375.4213	1.521204
377.0143	1.520903
378.6073	1.520606
380.2004	1.520314
381.7935	1.520026
383.3866	1.519742
384.9797	1.519462
386.5729	1.519187
388.1661	1.518915
389.7593	1.518647
391.3526	1.518383
392.946	1.518122
394.5393	1.517865
396.1326	1.517612
397.726	1.517362
399.3194	1.517116
400.9129	1.516873
402.5063	1.516633
404.0998	1.516397
405.6933	1.516163
407.2868	1.515933
408.8804	1.515706
410.474	1.515482
412.0676	1.515261
413.6612	1.515043
415.2548	1.514827
416.8485	1.514615
418.4421	1.514405
420.0358	1.514198
421.6295	1.513994
423.2232	1.513792
424.8169	1.513593
426.4106	1.513396
428.0044	1.513202
429.5981	1.51301
431.192	1.512821
432.7857	1.512634
434.3795	1.512449
435.9733	1.512267
437.5671	1.512087
439.161	1.511909
440.7547	1.511733
442.3485	1.51156
443.9424	1.511388
445.5362	1.511219
447.1301	1.511051
448.7239	1.510886
450.3177	1.510723
451.9116	1.510561
453.5054	1.510402
455.0993	1.510244
456.6931	1.510088
458.287	1.509934
459.8808	1.509782
461.4746	1.509632
463.0685	1.509483
464.6623	1.509336
466.2561	1.509191
467.8499	1.509047
469.4437	1.508905
471.0375	1.508765
472.6313	1.508626
474.2251	1.508488
475.8188	1.508353
477.4126	1.508218
479.0063	1.508086
480.6001	1.507954
482.1938	1.507825
483.7875	1.507696
485.3812	1.507569
486.9749	1.507443
488.5685	1.507319
490.1622	1.507196
491.7558	1.507075
493.3494	1.506954
494.943	1.506835
496.5366	1.506718
498.1301	1.506601
499.7236	1.506486
501.3171	1.506372
502.9106	1.506259
504.5041	1.506147
506.0975	1.506037
507.6909	1.505927
509.2843	1.505819
510.8776	1.505712
512.471	1.505606
514.0643	1.505501
515.6576	1.505397
517.2508	1.505295
518.844	1.505193
520.4371	1.505092
522.0303	1.504992
523.6234	1.504894
525.2165	1.504796
526.8096	1.504699
528.4026	1.504603
529.9955	1.504508
531.5885	1.504414
533.1814	1.504321
534.7742	1.504229
536.3671	1.504138
537.9598	1.504048
539.5526	1.503958
541.1453	1.50387
542.7379	1.503782
544.3306	1.503695
545.9232	1.503609
547.5157	1.503524
549.1082	1.50344
550.7006	1.503356
552.293	1.503273
553.8854	1.503191
555.4777	1.50311
557.0699	1.503029
558.6621	1.502949
560.2543	1.50287
561.8463	1.502792
563.4384	1.502714
565.0304	1.502638
566.6223	1.502561
568.2142	1.502486
569.806	1.502411
571.3978	1.502337
572.9896	1.502264
574.5812	1.502191
576.1729	1.502119
577.7644	1.502047
579.3558	1.501976
580.9473	1.501906
582.5387	1.501837
584.13	1.501768
585.7213	1.501699
587.3124	1.501631
588.9036	1.501564
590.4946	1.501498
592.0856	1.501432
593.6765	1.501366
595.2674	1.501302
596.8582	1.501237
598.4489	1.501173
600.0396	1.50111
601.6301	1.501048
603.2206	1.500986
604.8111	1.500924
606.4015	1.500863
607.9918	1.500802
609.582	1.500742
611.1721	1.500683
612.7622	1.500624
614.3522	1.500565
615.9421	1.500507
617.532	1.50045
619.1217	1.500393
620.7114	1.500336
622.3011	1.50028
623.8906	1.500224
625.48	1.500169
627.0694	1.500114
628.6587	1.50006
630.2479	1.500006
631.837	1.499952
633.426	1.499899
635.015	1.499847
636.6039	1.499795
638.1926	1.499743
639.7813	1.499692
641.3699	1.499641
642.9584	1.49959
644.5468	1.49954
646.1351	1.49949
647.7235	1.499441
649.3116	1.499392
650.8996	1.499344
652.4876	1.499295
654.0754	1.499248
655.6632	1.4992
657.2509	1.499153
658.8385	1.499106
660.4259	1.49906
662.0133	1.499014
663.6006	1.498968
665.1878	1.498923
666.7748	1.498878
668.3619	1.498834
669.9487	1.498789
671.5355	1.498745
673.1222	1.498702
674.7087	1.498659
676.2952	1.498616
677.8815	1.498573
679.4678	1.498531
681.054	1.498489
682.64	1.498447
684.226	1.498406
685.8117	1.498365
687.3975	1.498324
688.983	1.498284
690.5685	1.498244
692.1539	1.498204
693.7391	1.498164
695.3243	1.498125
696.9093	1.498086
698.4943	1.498047
700.079	1.498009
701.6637	1.497971
703.2483	1.497933
704.8328	1.497895
706.4171	1.497858
708.0013	1.497821
709.5853	1.497784
711.1693	1.497748
712.7532	1.497711
714.3369	1.497675
715.9205	1.49764
717.504	1.497604
719.0873	1.497569
720.6705	1.497534
722.2536	1.497499
723.8365	1.497465
725.4194	1.49743
727.0021	1.497396
728.5847	1.497362
730.1671	1.497329
731.7495	1.497296
733.3317	1.497262
734.9137	1.49723
736.4956	1.497197
738.0774	1.497165
739.6591	1.497132
741.2405	1.4971
742.8219	1.497069
744.4032	1.497037
745.9843	1.497006
747.5652	1.496975
749.1461	1.496944
750.7267	1.496913
752.3073	1.496883
753.8876	1.496852
755.4679	1.496822
757.048	1.496792
758.628	1.496763
760.2078	1.496733
761.7875	1.496704
763.3671	1.496675
764.9464	1.496646
766.5256	1.496617
768.1047	1.496588
769.6837	1.49656
771.2625	1.496532
772.8411	1.496504
774.4196	1.496476
775.9979	1.496449
777.5761	1.496421
779.1541	1.496394
780.732	1.496367
782.3097	1.49634
783.8873	1.496313
785.4647	1.496287
787.0419	1.49626
788.619	1.496234
790.1959	1.496208
791.7727	1.496182
793.3493	1.496156
794.9257	1.496131
796.5021	1.496105
798.0782	1.49608
799.6541	1.496055
801.2299	1.49603
802.8055	1.496005
804.381	1.49598
805.9563	1.495956
807.5314	1.495932
809.1064	1.495907
810.6812	1.495883
812.2558	1.49586
813.8302	1.495836
815.4045	1.495812
816.9786	1.495789
818.5526	1.495766
820.1263	1.495742
821.6999	1.495719
823.2733	1.495697
824.8466	1.495674
826.4196	1.495651
827.9925	1.495629
829.5652	1.495606
831.1377	1.495584
832.7101	1.495562
834.2822	1.49554
835.8542	1.495518
837.4261	1.495497
838.9977	1.495475
840.5692	1.495454
842.1403	1.495433
843.7114	1.495411
845.2823	1.49539
846.853	1.49537
848.4235	1.495349
849.9938	1.495328
851.564	1.495308
853.1339	1.495287
854.7037	1.495267
856.2733	1.495247
857.8426	1.495227
859.4118	1.495207
860.9808	1.495187
862.5496	1.495167
864.1182	1.495147
865.6866	1.495128
867.2548	1.495109
868.8229	1.495089
870.3906	1.49507
871.9582	1.495051
873.5257	1.495032
875.0929	1.495013
876.6599	1.494995
878.2267	1.494976
879.7933	1.494958
881.3597	1.494939
882.926	1.494921
884.4919	1.494903
886.0577	1.494885
887.6234	1.494867
889.1887	1.494849
890.7539	1.494831
892.3188	1.494813
893.8836	1.494796
895.4481	1.494778
897.0125	1.494761
898.5767	1.494743
900.1405	1.494726
901.7043	1.494709
903.2678	1.494692
904.8311	1.494675
906.3942	1.494658
907.9569	1.494642
909.5197	1.494625
911.082	1.494609
912.6442	1.494592
914.2062	1.494576
915.7679	1.494559
917.3295	1.494543
918.8908	1.494527
920.452	1.494511
922.0128	1.494495
923.5734	1.494479
925.1339	1.494463
926.694	1.494448
928.254	1.494432
929.8138	1.494417
931.3734	1.494401
932.9326	1.494386
934.4917	1.494371
936.0506	1.494355
937.6092	1.49434
939.1676	1.494325
940.7257	1.49431
942.2836	1.494296
943.8413	1.494281
945.3987	1.494266
946.9559	1.494251
948.5129	1.494237
950.0696	1.494222
951.6262	1.494208
953.1824	1.494194
954.7385	1.494179
956.2943	1.494165
957.8498	1.494151
959.4052	1.494137
960.9603	1.494123
962.515	1.494109
964.0696	1.494095
965.624	1.494082
967.1781	1.494068
968.7319	1.494054
970.2855	1.494041
971.839	1.494027
973.392	1.494014
974.9449	1.494001
976.4976	1.493987
978.0499	1.493974
979.6021	1.493961
981.1539	1.493948
982.7054	1.493935
984.2568	1.493922
985.808	1.493909
987.3589	1.493896
988.9095	1.493884
990.4598	1.493871
992.0099	1.493858
993.5598	1.493846
995.1093	1.493833
996.6586	1.493821
998.2077	1.493809
999.7565	1.493796
1011.723	1.493703
1015.186	1.493677
1018.649	1.493651
1022.111	1.493625
1025.574	1.493599
1029.037	1.493574
1032.5	1.493549
1035.962	1.493525
1039.425	1.4935
1042.888	1.493476
1046.351	1.493452
1049.814	1.493428
1053.277	1.493405
1056.74	1.493381
1060.203	1.493358
1063.666	1.493336
1067.129	1.493313
1070.592	1.493291
1074.055	1.493269
1077.518	1.493247
1080.981	1.493225
1084.444	1.493204
1087.906	1.493182
1091.37	1.493161
1094.832	1.49314
1098.295	1.49312
1101.758	1.493099
1105.221	1.493079
1108.684	1.493059
1112.147	1.493039
1115.61	1.49302
1119.073	1.493
1122.535	1.492981
1125.998	1.492962
1129.461	1.492943
1132.923	1.492924
1136.386	1.492905
1139.849	1.492887
1143.311	1.492869
1146.774	1.492851
1150.236	1.492833
1153.699	1.492815
1157.161	1.492797
1160.623	1.49278
1164.086	1.492763
1167.548	1.492746
1171.01	1.492729
1174.472	1.492712
1177.934	1.492695
1181.396	1.492679
1184.858	1.492662
1188.32	1.492646
1191.781	1.49263
1195.243	1.492614
1198.705	1.492599
1202.166	1.492583
1205.628	1.492567
1209.089	1.492552
1212.55	1.492537
1216.011	1.492522
1219.472	1.492507
1222.933	1.492492
1226.394	1.492477
1229.855	1.492463
1233.316	1.492448
1236.776	1.492434
1240.237	1.49242
1243.697	1.492406
1247.158	1.492392
1250.618	1.492378
1254.078	1.492364
1257.538	1.49235
1260.998	1.492337
1264.457	1.492324
1267.917	1.49231
1271.376	1.492297
1274.836	1.492284
1278.295	1.492271
1281.754	1.492258
1285.213	1.492246
1288.672	1.492233
1292.13	1.492221
1295.589	1.492208
1299.047	1.492196
1302.506	1.492184
1305.964	1.492171
1309.422	1.492159
1312.88	1.492147
1316.337	1.492136
1319.795	1.492124
1323.252	1.492112
1326.709	1.492101
1330.166	1.492089
1333.623	1.492078
1337.08	1.492067
1340.536	1.492056
1343.993	1.492044
1347.449	1.492033
1350.905	1.492023
1354.361	1.492012
1357.817	1.492001
1361.272	1.49199
1364.727	1.49198
1368.182	1.491969
1371.637	1.491959
1375.092	1.491948
1378.547	1.491938
1382.001	1.491928
1385.455	1.491918
1388.909	1.491908
1392.363	1.491898
1395.817	1.491888
1399.27	1.491878
1402.723	1.491868
1406.176	1.491859
1409.629	1.491849
1413.081	1.49184
1416.534	1.49183
1419.986	1.491821
1423.438	1.491812
1426.889	1.491802
1430.341	1.491793
1433.792	1.491784
1437.243	1.491775
1440.694	1.491766
1444.144	1.491757
1447.594	1.491748
1451.044	1.49174
1454.494	1.491731
1457.944	1.491722
1461.393	1.491714
1464.842	1.491705
1468.291	1.491697
1471.74	1.491688
1475.188	1.49168
1478.636	1.491672
1482.084	1.491664
1485.531	1.491655
1488.979	1.491647
1492.426	1.491639
1495.872	1.491631
1499.319	1.491623
1502.765	1.491616
1506.211	1.491608
1509.656	1.4916
1513.102	1.491592
1516.547	1.491585
1519.992	1.491577
1523.436	1.491569
1526.881	1.491562
1530.325	1.491554
1533.768	1.491547
1537.212	1.49154
1540.655	1.491532
1544.098	1.491525
1547.54	1.491518
1550.982	1.491511
1554.424	1.491504
1557.866	1.491497
1561.307	1.49149
1564.748	1.491483
1568.189	1.491476
1571.629	1.491469
1575.069	1.491462
1578.509	1.491456
1581.948	1.491449
1585.387	1.491442
1588.826	1.491436
1592.264	1.491429
1595.702	1.491422
1599.14	1.491416
1602.578	1.491409
1606.015	1.491403
1609.451	1.491397
1612.888	1.49139
1616.324	1.491384
1619.76	1.491378
1623.195	1.491372
1626.63	1.491365
1630.064	1.491359
1633.499	1.491353
1636.933	1.491347
1640.366	1.491341
1643.8	1.491335
1647.232	1.491329
1650.665	1.491323
1654.097	1.491318
1657.529	1.491312
1660.96	1.491306
1664.391	1.4913
1667.822	1.491295
1671.252	1.491289
1674.682	1.491283
1678.112	1.491278
1681.541	1.491272
1684.969	1.491266
1688.398	1.491261
